0000001 1
0000002 1
0000003 1
0000004 1
0000005 1
0000006 1
0000007 1
0000008 1
0000009 1
00000010 1
00000011 1
00000012 1
00000013 1
00000014 1
00000015 1
00000016 1
00000017 1
00000018 1
00000019 1
00000020 1
00000021 1
00000022 1
00000023 1
00000024 1
00000025 1
00000026 1
00000027 1
00000028 1
00000029 1
00000030 1
00000031 1
00000032 1
00000033 1
00000034 1
00000035 1
00000036 1
00000037 1
00000038 1
00000039 1
00000040 1
00000041 1
00000042 1
00000043 1
00000044 1
00000045 1
00000046 1
00000047 1
00000048 1
00000049 1
00000050 1
00000051 1
00000052 1
00000053 1
00000054 1
00000055 1
00000056 1
00000057 1
00000058 1
00000059 1
00000060 1
00000061 1
00000062 1
00000063 1
00000064 1
00000065 1
00000066 1
00000067 1
00000068 1
00000069 1
00000070 1
00000071 1
00000072 1
00000073 1
00000074 1
00000075 1
00000076 1
00000077 1
00000078 1
00000079 1
00000080 1
00000081 1
00000082 1
00000083 1
00000084 1
00000085 1
00000086 1
00000087 1
00000088 1
00000089 1
00000090 1
00000091 1
00000092 1
00000093 1
00000094 1
00000095 1
00000096 1
00000097 1
00000098 1
00000099 1
000000100 1
000000101 1
000000102 1
000000103 1
000000104 1
000000105 1
000000106 1
000000107 1
000000108 1
000000109 1
000000110 1
000000111 1
000000112 1
000000113 1
000000114 1
000000115 1
000000116 1
000000117 1
000000118 1
000000119 1
000000120 1
000000121 1
000000122 1
000000123 1
000000124 1
000000125 1
000000126 1
000000127 1
000000128 1
000000129 1
000000130 1
000000131 1
000000132 1
000000133 1
000000134 1
000000135 1
000000136 1
000000137 1
000000138 1
000000139 1
000000140 1
000000141 1
000000142 1
000000143 1
000000144 1
000000145 1
000000146 1
000000147 1
000000148 1
000000149 1
000000150 1
000000151 1
000000152 1
000000153 1
000000154 1
000000155 1
000000156 1
000000157 1
000000158 1
000000159 1
000000160 1
000000161 1
000000162 1
000000163 1
000000164 1
000000165 1
000000166 1
000000167 1
000000168 1
000000169 1
000000170 1
000000171 1
000000172 1
000000173 1
000000174 1
000000175 1
000000176 1
000000177 1
000000178 1
000000179 1
000000180 1
000000181 1
000000182 1
000000183 1
000000184 1
000000185 1
000000186 1
000000187 1
000000188 1
000000189 1
000000190 1
000000191 1
000000192 1
000000193 1
000000194 1
000000195 1
000000196 1
000000197 1
000000198 1
000000199 1
000000200 1
000000201 1
000000202 1
000000203 1
000000204 1
000000205 1
000000206 1
000000207 1
000000208 1
000000209 1
000000210 1
000000211 1
000000212 1
000000213 1
000000214 1
000000215 1
000000216 1
000000217 1
000000218 1
000000219 1
000000220 1
000000221 1
000000222 1
000000223 1
000000224 1
000000225 1
000000226 1
000000227 1
000000228 1
000000229 1
000000230 1
000000231 1
000000232 1
000000233 1
000000234 1
000000235 1
000000236 1
000000237 1
000000238 1
000000239 1
000000240 1
000000241 1
000000242 1
000000243 1
000000244 1
000000245 1
000000246 1
000000247 1
000000248 1
000000249 1
000000250 1
000000251 0
000000252 0
000000253 0
000000254 0
000000255 0
000000256 0
000000257 0
000000258 0
000000259 0
000000260 0
000000261 0
000000262 0
000000263 0
000000264 0
000000265 0
000000266 0
000000267 0
000000268 0
000000269 0
000000270 0
000000271 0
000000272 0
000000273 0
000000274 0
000000275 0
000000276 0
000000277 0
000000278 0
000000279 0
000000280 0
000000281 0
000000282 0
000000283 0
000000284 0
000000285 0
000000286 0
000000287 0
000000288 0
000000289 0
000000290 0
000000291 0
000000292 0
000000293 0
000000294 0
000000295 0
000000296 0
000000297 0
000000298 0
000000299 0
000000300 0
000000301 0
000000302 0
000000303 0
000000304 0
000000305 0
000000306 0
000000307 0
000000308 0
000000309 0
000000310 0
000000311 0
000000312 0
000000313 0
000000314 0
000000315 0
000000316 0
000000317 0
000000318 0
000000319 0
000000320 0
000000321 0
000000322 0
000000323 0
000000324 0
000000325 0
000000326 0
000000327 0
000000328 0
000000329 0
000000330 0
000000331 0
000000332 0
000000333 0
000000334 0
000000335 0
000000336 0
000000337 0
000000338 0
000000339 0
000000340 0
000000341 0
000000342 0
000000343 0
000000344 0
000000345 0
000000346 0
000000347 0
000000348 0
000000349 0
000000350 0
000000351 0
000000352 0
000000353 0
000000354 0
000000355 0
000000356 0
000000357 0
000000358 0
000000359 0
000000360 0
000000361 0
000000362 0
000000363 0
000000364 0
000000365 0
000000366 0
000000367 0
000000368 0
000000369 0
000000370 0
000000371 0
000000372 0
000000373 0
000000374 0
000000375 0
000000376 0
000000377 0
000000378 0
000000379 0
000000380 0
000000381 0
000000382 0
000000383 0
000000384 0
000000385 0
000000386 0
000000387 0
000000388 0
000000389 0
000000390 0
000000391 0
000000392 0
000000393 0
000000394 0
000000395 0
000000396 0
000000397 0
000000398 0
000000399 0
000000400 0
000000401 0
000000402 0
000000403 0
000000404 0
000000405 0
000000406 0
000000407 0
000000408 0
000000409 0
000000410 0
000000411 0
000000412 0
000000413 0
000000414 0
000000415 0
000000416 0
000000417 0
000000418 0
000000419 0
000000420 0
000000421 0
000000422 0
000000423 0
000000424 0
000000425 0
000000426 0
000000427 0
000000428 0
000000429 0
000000430 0
000000431 0
000000432 0
000000433 0
000000434 0
000000435 0
000000436 0
000000437 0
000000438 0
000000439 0
000000440 0
000000441 0
000000442 0
000000443 0
000000444 0
000000445 0
000000446 0
000000447 0
000000448 0
000000449 0
000000450 0
000000451 0
000000452 0
000000453 0
000000454 0
000000455 0
000000456 0
000000457 0
000000458 0
000000459 0
000000460 0
000000461 0
000000462 0
000000463 0
000000464 0
000000465 0
000000466 0
000000467 0
000000468 0
000000469 0
000000470 0
000000471 0
000000472 0
000000473 0
000000474 0
000000475 0
000000476 0
000000477 0
000000478 0
000000479 0
000000480 0
000000481 0
000000482 0
000000483 0
000000484 0
000000485 0
000000486 0
000000487 0
000000488 0
000000489 0
000000490 0
000000491 0
000000492 0
000000493 0
000000494 0
000000495 0
000000496 0
000000497 0
000000498 0
000000499 0
000000500 0
