0000001 1
0000002 1
0000003 1
0000004 1
0000005 1
0000006 1
0000007 1
0000008 1
0000009 1
00000010 1
00000011 1
00000012 1
00000013 1
00000014 1
00000015 1
00000016 1
00000017 1
00000018 1
00000019 1
00000020 1
00000021 1
00000022 1
00000023 1
00000024 1
00000025 1
00000026 1
00000027 1
00000028 1
00000029 1
00000030 1
00000031 1
00000032 1
00000033 1
00000034 1
00000035 1
00000036 1
00000037 1
00000038 1
00000039 1
00000040 1
00000041 1
00000042 1
00000043 1
00000044 1
00000045 1
00000046 1
00000047 1
00000048 1
00000049 1
00000050 1
00000051 1
00000052 1
00000053 1
00000054 1
00000055 1
00000056 1
00000057 1
00000058 1
00000059 1
00000060 1
00000061 1
00000062 1
00000063 1
00000064 1
00000065 1
00000066 1
00000067 1
00000068 1
00000069 1
00000070 1
00000071 1
00000072 1
00000073 1
00000074 1
00000075 1
00000076 1
00000077 1
00000078 1
00000079 1
00000080 1
00000081 1
00000082 1
00000083 1
00000084 1
00000085 1
00000086 1
00000087 1
00000088 1
00000089 1
00000090 1
00000091 1
00000092 1
00000093 1
00000094 1
00000095 1
00000096 1
00000097 1
00000098 1
00000099 1
000000100 1
000000101 1
000000102 1
000000103 1
000000104 1
000000105 1
000000106 1
000000107 1
000000108 1
000000109 1
000000110 1
000000111 1
000000112 1
000000113 1
000000114 1
000000115 1
000000116 1
000000117 1
000000118 1
000000119 1
000000120 1
000000121 1
000000122 1
000000123 1
000000124 1
000000125 1
000000126 1
000000127 1
000000128 1
000000129 1
000000130 1
000000131 1
000000132 1
000000133 1
000000134 1
000000135 1
000000136 1
000000137 1
000000138 1
000000139 1
000000140 1
000000141 1
000000142 1
000000143 1
000000144 1
000000145 1
000000146 1
000000147 1
000000148 1
000000149 1
000000150 1
000000151 1
000000152 1
000000153 1
000000154 1
000000155 1
000000156 1
000000157 1
000000158 1
000000159 1
000000160 1
000000161 1
000000162 1
000000163 1
000000164 1
000000165 1
000000166 1
000000167 1
000000168 1
000000169 1
000000170 1
000000171 1
000000172 1
000000173 1
000000174 1
000000175 1
000000176 1
000000177 1
000000178 1
000000179 1
000000180 1
000000181 1
000000182 1
000000183 1
000000184 1
000000185 1
000000186 1
000000187 1
000000188 1
000000189 1
000000190 1
000000191 1
000000192 1
000000193 1
000000194 1
000000195 1
000000196 1
000000197 1
000000198 1
000000199 1
000000200 1
000000201 1
000000202 1
000000203 1
000000204 1
000000205 1
000000206 1
000000207 1
000000208 1
000000209 1
000000210 1
000000211 1
000000212 1
000000213 1
000000214 1
000000215 1
000000216 1
000000217 1
000000218 1
000000219 1
000000220 1
000000221 1
000000222 1
000000223 1
000000224 1
000000225 1
000000226 1
000000227 1
000000228 1
000000229 1
000000230 1
000000231 1
000000232 1
000000233 1
000000234 1
000000235 1
000000236 1
000000237 1
000000238 1
000000239 1
000000240 1
000000241 1
000000242 1
000000243 1
000000244 1
000000245 1
000000246 1
000000247 1
000000248 1
000000249 1
000000250 1
000000251 1
000000252 1
000000253 1
000000254 1
000000255 1
000000256 1
000000257 1
000000258 1
000000259 1
000000260 1
000000261 1
000000262 1
000000263 1
000000264 1
000000265 1
000000266 1
000000267 1
000000268 1
000000269 1
000000270 1
000000271 1
000000272 1
000000273 1
000000274 1
000000275 1
000000276 1
000000277 1
000000278 1
000000279 1
000000280 1
000000281 1
000000282 1
000000283 1
000000284 1
000000285 1
000000286 1
000000287 1
000000288 1
000000289 1
000000290 1
000000291 1
000000292 1
000000293 1
000000294 1
000000295 1
000000296 1
000000297 1
000000298 1
000000299 1
000000300 1
000000301 1
000000302 1
000000303 1
000000304 1
000000305 1
000000306 1
000000307 1
000000308 1
000000309 1
000000310 1
000000311 1
000000312 1
000000313 1
000000314 1
000000315 1
000000316 1
000000317 1
000000318 1
000000319 1
000000320 1
000000321 1
000000322 1
000000323 1
000000324 1
000000325 1
000000326 1
000000327 1
000000328 1
000000329 1
000000330 1
000000331 1
000000332 1
000000333 1
000000334 1
000000335 1
000000336 1
000000337 1
000000338 1
000000339 1
000000340 1
000000341 1
000000342 1
000000343 1
000000344 1
000000345 1
000000346 1
000000347 1
000000348 1
000000349 1
000000350 1
000000351 1
000000352 1
000000353 1
000000354 1
000000355 1
000000356 1
000000357 1
000000358 1
000000359 1
000000360 1
000000361 1
000000362 1
000000363 1
000000364 1
000000365 1
000000366 1
000000367 1
000000368 1
000000369 1
000000370 1
000000371 1
000000372 1
000000373 1
000000374 1
000000375 1
000000376 1
000000377 1
000000378 1
000000379 1
000000380 1
000000381 1
000000382 1
000000383 1
000000384 1
000000385 1
000000386 1
000000387 1
000000388 1
000000389 1
000000390 1
000000391 1
000000392 1
000000393 1
000000394 1
000000395 1
000000396 1
000000397 1
000000398 1
000000399 1
000000400 1
000000401 1
000000402 1
000000403 1
000000404 1
000000405 1
000000406 1
000000407 1
000000408 1
000000409 1
000000410 1
000000411 1
000000412 1
000000413 1
000000414 1
000000415 1
000000416 1
000000417 1
000000418 1
000000419 1
000000420 1
000000421 1
000000422 1
000000423 1
000000424 1
000000425 1
000000426 1
000000427 1
000000428 1
000000429 1
000000430 1
000000431 1
000000432 1
000000433 1
000000434 1
000000435 1
000000436 1
000000437 1
000000438 1
000000439 1
000000440 1
000000441 1
000000442 1
000000443 1
000000444 1
000000445 1
000000446 1
000000447 1
000000448 1
000000449 1
000000450 1
000000451 1
000000452 1
000000453 1
000000454 1
000000455 1
000000456 1
000000457 1
000000458 1
000000459 1
000000460 1
000000461 1
000000462 1
000000463 1
000000464 1
000000465 1
000000466 1
000000467 1
000000468 1
000000469 1
000000470 1
000000471 1
000000472 1
000000473 1
000000474 1
000000475 1
000000476 1
000000477 1
000000478 1
000000479 1
000000480 1
000000481 1
000000482 1
000000483 1
000000484 1
000000485 1
000000486 1
000000487 1
000000488 1
000000489 1
000000490 1
000000491 1
000000492 1
000000493 1
000000494 1
000000495 1
000000496 1
000000497 1
000000498 1
000000499 1
000000500 1
000000501 1
000000502 1
000000503 1
000000504 1
000000505 1
000000506 1
000000507 1
000000508 1
000000509 1
000000510 1
000000511 1
000000512 1
000000513 1
000000514 1
000000515 1
000000516 1
000000517 1
000000518 1
000000519 1
000000520 1
000000521 1
000000522 1
000000523 1
000000524 1
000000525 1
000000526 1
000000527 1
000000528 1
000000529 1
000000530 1
000000531 1
000000532 1
000000533 1
000000534 1
000000535 1
000000536 1
000000537 1
000000538 1
000000539 1
000000540 1
000000541 1
000000542 1
000000543 1
000000544 1
000000545 0
000000546 0
000000547 0
000000548 0
000000549 0
000000550 0
000000551 0
000000552 0
000000553 0
000000554 0
000000555 0
000000556 0
000000557 0
000000558 0
000000559 0
000000560 0
000000561 0
000000562 0
000000563 0
000000564 0
000000565 0
000000566 0
000000567 0
000000568 0
000000569 0
000000570 0
000000571 0
000000572 0
000000573 0
000000574 0
000000575 0
000000576 0
000000577 0
000000578 0
000000579 0
000000580 0
000000581 0
000000582 0
000000583 0
000000584 0
000000585 0
000000586 0
000000587 0
000000588 0
000000589 0
000000590 0
000000591 0
000000592 0
000000593 0
000000594 0
000000595 0
000000596 0
000000597 0
000000598 0
000000599 0
000000600 0
000000601 0
000000602 0
000000603 0
000000604 0
000000605 0
000000606 0
000000607 0
000000608 0
000000609 0
000000610 0
000000611 0
000000612 0
000000613 0
000000614 0
000000615 0
000000616 0
000000617 0
000000618 0
000000619 0
000000620 0
000000621 0
000000622 0
000000623 0
000000624 0
000000625 0
000000626 0
000000627 0
000000628 0
000000629 0
000000630 0
000000631 0
000000632 0
000000633 0
000000634 0
000000635 0
000000636 0
000000637 0
000000638 0
000000639 0
000000640 0
000000641 0
000000642 0
000000643 0
000000644 0
000000645 0
000000646 0
000000647 0
000000648 0
000000649 0
000000650 0
000000651 0
000000652 0
000000653 0
000000654 0
000000655 0
000000656 0
000000657 0
000000658 0
000000659 0
000000660 0
000000661 0
000000662 0
000000663 0
000000664 0
000000665 0
000000666 0
000000667 0
000000668 0
000000669 0
000000670 0
000000671 0
000000672 0
000000673 0
000000674 0
000000675 0
000000676 0
000000677 0
000000678 0
000000679 0
000000680 0
000000681 0
000000682 0
000000683 0
000000684 0
000000685 0
000000686 0
000000687 0
000000688 0
000000689 0
000000690 0
000000691 0
000000692 0
000000693 0
000000694 0
000000695 0
000000696 0
000000697 0
000000698 0
000000699 0
000000700 0
000000701 0
000000702 0
000000703 0
000000704 0
000000705 0
000000706 0
000000707 0
000000708 0
000000709 0
000000710 0
000000711 0
000000712 0
000000713 0
000000714 0
000000715 0
000000716 0
000000717 0
000000718 0
000000719 0
000000720 0
000000721 0
000000722 0
000000723 0
000000724 0
000000725 0
000000726 0
000000727 0
000000728 0
000000729 0
000000730 0
000000731 0
000000732 0
000000733 0
000000734 0
000000735 0
000000736 0
000000737 0
000000738 0
000000739 0
000000740 0
000000741 0
000000742 0
000000743 0
000000744 0
000000745 0
000000746 0
000000747 0
000000748 0
000000749 0
000000750 0
000000751 0
000000752 0
000000753 0
000000754 0
000000755 0
000000756 0
000000757 0
000000758 0
000000759 0
000000760 0
000000761 0
000000762 0
000000763 0
000000764 0
000000765 0
000000766 0
000000767 0
000000768 0
000000769 0
000000770 0
000000771 0
000000772 0
000000773 0
000000774 0
000000775 0
000000776 0
000000777 0
000000778 0
000000779 0
000000780 0
000000781 0
000000782 0
000000783 0
000000784 0
000000785 0
000000786 0
000000787 0
000000788 0
000000789 0
000000790 0
000000791 0
000000792 0
000000793 0
000000794 0
000000795 0
000000796 0
000000797 0
000000798 0
000000799 0
000000800 0
000000801 0
000000802 0
000000803 0
000000804 0
000000805 0
000000806 0
000000807 0
000000808 0
000000809 0
000000810 0
000000811 0
000000812 0
000000813 0
000000814 0
000000815 0
000000816 0
000000817 0
000000818 0
000000819 0
000000820 0
000000821 0
000000822 0
000000823 0
000000824 0
000000825 0
000000826 0
000000827 0
000000828 0
000000829 0
000000830 0
000000831 0
000000832 0
000000833 0
000000834 0
000000835 0
000000836 0
000000837 0
000000838 0
000000839 0
000000840 0
000000841 0
000000842 0
000000843 0
000000844 0
000000845 0
000000846 0
000000847 0
000000848 0
000000849 0
000000850 0
000000851 0
000000852 0
000000853 0
000000854 0
000000855 0
000000856 0
000000857 0
000000858 0
000000859 0
000000860 0
000000861 0
000000862 0
000000863 0
000000864 0
000000865 0
000000866 0
000000867 0
000000868 0
000000869 0
000000870 0
000000871 0
000000872 0
000000873 0
000000874 0
000000875 0
000000876 0
000000877 0
000000878 0
000000879 0
000000880 0
000000881 0
000000882 0
000000883 0
000000884 0
000000885 0
000000886 0
000000887 0
000000888 0
000000889 0
000000890 0
000000891 0
000000892 0
000000893 0
000000894 0
000000895 0
000000896 0
000000897 0
000000898 0
000000899 0
000000900 0
000000901 0
000000902 0
000000903 0
000000904 0
000000905 0
000000906 0
000000907 0
000000908 0
000000909 0
000000910 0
000000911 0
000000912 0
000000913 0
000000914 0
000000915 0
000000916 0
000000917 0
000000918 0
000000919 0
000000920 0
000000921 0
000000922 0
000000923 0
000000924 0
000000925 0
000000926 0
000000927 0
000000928 0
000000929 0
000000930 0
000000931 0
000000932 0
000000933 0
000000934 0
000000935 0
000000936 0
000000937 0
000000938 0
000000939 0
000000940 0
000000941 0
000000942 0
000000943 0
000000944 0
000000945 0
000000946 0
000000947 0
000000948 0
000000949 0
000000950 0
000000951 0
