0000001 1
0000002 1
0000003 1
0000004 1
0000005 1
0000006 1
0000007 1
0000008 1
0000009 1
00000010 1
00000011 1
00000012 1
00000013 1
00000014 1
00000015 1
00000016 1
00000017 1
00000018 1
00000019 1
00000020 1
00000021 1
00000022 1
00000023 1
00000024 1
00000025 1
00000026 1
00000027 1
00000028 1
00000029 1
00000030 1
00000031 1
00000032 1
00000033 1
00000034 1
00000035 1
00000036 1
00000037 1
00000038 1
00000039 1
00000040 1
00000041 1
00000042 1
00000043 1
00000044 1
00000045 1
00000046 1
00000047 1
00000048 1
00000049 1
00000050 1
00000051 1
00000052 1
00000053 1
00000054 1
00000055 1
00000056 1
00000057 1
00000058 1
00000059 1
00000060 1
00000061 1
00000062 1
00000063 1
00000064 1
00000065 1
00000066 1
00000067 1
00000068 1
00000069 1
00000070 1
00000071 1
00000072 1
00000073 1
00000074 1
00000075 1
00000076 1
00000077 1
00000078 1
00000079 1
00000080 1
00000081 1
00000082 1
00000083 1
00000084 1
00000085 1
00000086 1
00000087 1
00000088 1
00000089 1
00000090 1
00000091 1
00000092 1
00000093 1
00000094 1
00000095 1
00000096 1
00000097 1
00000098 1
00000099 1
000000100 1
000000101 1
000000102 1
000000103 1
000000104 1
000000105 1
000000106 1
000000107 1
000000108 1
000000109 1
000000110 1
000000111 1
000000112 1
000000113 1
000000114 1
000000115 1
000000116 1
000000117 1
000000118 1
000000119 1
000000120 1
000000121 1
000000122 1
000000123 1
000000124 1
000000125 1
000000126 1
000000127 1
000000128 1
000000129 1
000000130 1
000000131 1
000000132 1
000000133 1
000000134 1
000000135 1
000000136 1
000000137 1
000000138 1
000000139 1
000000140 1
000000141 1
000000142 1
000000143 1
000000144 1
000000145 1
000000146 1
000000147 1
000000148 1
000000149 1
000000150 1
000000151 1
000000152 1
000000153 1
000000154 1
000000155 1
000000156 1
000000157 1
000000158 1
000000159 1
000000160 1
000000161 1
000000162 1
000000163 1
000000164 1
000000165 1
000000166 1
000000167 1
000000168 1
000000169 1
000000170 1
000000171 1
000000172 1
000000173 1
000000174 1
000000175 1
000000176 1
000000177 1
000000178 1
000000179 1
000000180 1
000000181 1
000000182 1
000000183 1
000000184 1
000000185 1
000000186 1
000000187 1
000000188 1
000000189 1
000000190 1
000000191 1
000000192 1
000000193 1
000000194 1
000000195 1
000000196 1
000000197 1
000000198 1
000000199 1
000000200 1
000000201 1
000000202 1
000000203 1
000000204 1
000000205 1
000000206 1
000000207 1
000000208 1
000000209 1
000000210 1
000000211 1
000000212 1
000000213 1
000000214 1
000000215 1
000000216 1
000000217 1
000000218 1
000000219 1
000000220 1
000000221 1
000000222 1
000000223 1
000000224 1
000000225 1
000000226 1
000000227 1
000000228 1
000000229 1
000000230 1
000000231 1
000000232 1
000000233 1
000000234 1
000000235 1
000000236 1
000000237 1
000000238 1
000000239 1
000000240 1
000000241 1
000000242 1
000000243 1
000000244 1
000000245 1
000000246 1
000000247 1
000000248 1
000000249 1
000000250 1
000000251 1
000000252 1
000000253 1
000000254 1
000000255 1
000000256 1
000000257 1
000000258 1
000000259 1
000000260 1
000000261 1
000000262 1
000000263 1
000000264 1
000000265 1
000000266 1
000000267 1
000000268 1
000000269 1
000000270 1
000000271 1
000000272 1
000000273 1
000000274 1
000000275 1
000000276 1
000000277 1
000000278 1
000000279 1
000000280 1
000000281 1
000000282 1
000000283 1
000000284 1
000000285 1
000000286 1
000000287 1
000000288 1
000000289 1
000000290 1
000000291 1
000000292 1
000000293 1
000000294 1
000000295 1
000000296 1
000000297 1
000000298 1
000000299 1
000000300 1
000000301 1
000000302 1
000000303 1
000000304 1
000000305 1
000000306 1
000000307 1
000000308 1
000000309 1
000000310 1
000000311 1
000000312 1
000000313 1
000000314 1
000000315 1
000000316 1
000000317 1
000000318 1
000000319 1
000000320 1
000000321 1
000000322 1
000000323 1
000000324 1
000000325 1
000000326 1
000000327 1
000000328 1
000000329 1
000000330 1
000000331 1
000000332 1
000000333 1
000000334 1
000000335 1
000000336 1
000000337 1
000000338 1
000000339 1
000000340 1
000000341 1
000000342 1
000000343 1
000000344 1
000000345 1
000000346 1
000000347 1
000000348 1
000000349 1
000000350 1
000000351 1
000000352 1
000000353 1
000000354 1
000000355 1
000000356 1
000000357 1
000000358 1
000000359 1
000000360 1
000000361 1
000000362 1
000000363 1
000000364 1
000000365 1
000000366 1
000000367 1
000000368 1
000000369 1
000000370 1
000000371 1
000000372 1
000000373 1
000000374 1
000000375 1
000000376 1
000000377 1
000000378 1
000000379 1
000000380 1
000000381 1
000000382 1
000000383 1
000000384 1
000000385 1
000000386 1
000000387 1
000000388 1
000000389 1
000000390 1
000000391 1
000000392 1
000000393 1
000000394 1
000000395 1
000000396 1
000000397 1
000000398 1
000000399 1
000000400 1
000000401 1
000000402 1
000000403 1
000000404 1
000000405 1
000000406 1
000000407 1
000000408 1
000000409 1
000000410 1
000000411 1
000000412 1
000000413 1
000000414 1
000000415 1
000000416 1
000000417 1
000000418 1
000000419 1
000000420 1
000000421 1
000000422 1
000000423 1
000000424 1
000000425 1
000000426 1
000000427 1
000000428 1
000000429 1
000000430 1
000000431 1
000000432 1
000000433 1
000000434 1
000000435 1
000000436 1
000000437 1
000000438 1
000000439 1
000000440 1
000000441 1
000000442 1
000000443 1
000000444 1
000000445 1
000000446 1
000000447 1
000000448 1
000000449 1
000000450 1
000000451 1
000000452 1
000000453 1
000000454 1
000000455 1
000000456 1
000000457 1
000000458 1
000000459 1
000000460 1
000000461 1
000000462 1
000000463 1
000000464 1
000000465 1
000000466 1
000000467 1
000000468 1
000000469 1
000000470 1
000000471 1
000000472 1
000000473 1
000000474 1
000000475 1
000000476 1
000000477 1
000000478 1
000000479 1
000000480 1
000000481 1
000000482 1
000000483 1
000000484 1
000000485 1
000000486 1
000000487 1
000000488 1
000000489 1
000000490 1
000000491 1
000000492 1
000000493 1
000000494 1
000000495 1
000000496 1
000000497 1
000000498 1
000000499 1
000000500 1
000000501 1
000000502 1
000000503 1
000000504 1
000000505 1
000000506 1
000000507 1
000000508 1
000000509 1
000000510 1
000000511 1
000000512 1
000000513 1
000000514 1
000000515 1
000000516 1
000000517 1
000000518 1
000000519 1
000000520 1
000000521 1
000000522 1
000000523 1
000000524 1
000000525 1
000000526 1
000000527 1
000000528 1
000000529 1
000000530 1
000000531 1
000000532 1
000000533 1
000000534 1
000000535 1
000000536 1
000000537 1
000000538 1
000000539 1
000000540 1
000000541 1
000000542 1
000000543 1
000000544 1
000000545 1
000000546 1
000000547 1
000000548 1
000000549 1
000000550 1
000000551 1
000000552 1
000000553 1
000000554 1
000000555 1
000000556 1
000000557 1
000000558 1
000000559 1
000000560 1
000000561 1
000000562 1
000000563 1
000000564 1
000000565 1
000000566 1
000000567 1
000000568 1
000000569 1
000000570 1
000000571 1
000000572 1
000000573 1
000000574 1
000000575 1
000000576 1
000000577 1
000000578 1
000000579 1
000000580 1
000000581 1
000000582 1
000000583 1
000000584 1
000000585 1
000000586 1
000000587 1
000000588 1
000000589 1
000000590 1
000000591 1
000000592 1
000000593 1
000000594 1
000000595 1
000000596 1
000000597 1
000000598 1
000000599 1
000000600 1
000000601 1
000000602 1
000000603 1
000000604 1
000000605 1
000000606 1
000000607 1
000000608 1
000000609 1
000000610 1
000000611 1
000000612 1
000000613 1
000000614 1
000000615 1
000000616 1
000000617 1
000000618 1
000000619 1
000000620 1
000000621 1
000000622 1
000000623 1
000000624 1
000000625 1
000000626 1
000000627 1
000000628 1
000000629 1
000000630 1
000000631 1
000000632 1
000000633 1
000000634 1
000000635 1
000000636 1
000000637 1
000000638 1
000000639 1
000000640 1
000000641 1
000000642 1
000000643 1
000000644 1
000000645 1
000000646 1
000000647 1
000000648 1
000000649 1
000000650 1
000000651 1
000000652 1
000000653 1
000000654 1
000000655 1
000000656 1
000000657 1
000000658 1
000000659 1
000000660 1
000000661 1
000000662 1
000000663 1
000000664 1
000000665 1
000000666 1
000000667 1
000000668 1
000000669 1
000000670 1
000000671 1
000000672 1
000000673 1
000000674 1
000000675 1
000000676 1
000000677 1
000000678 1
000000679 1
000000680 1
000000681 1
000000682 1
000000683 1
000000684 1
000000685 1
000000686 1
000000687 1
000000688 1
000000689 1
000000690 1
000000691 1
000000692 1
000000693 1
000000694 1
000000695 1
000000696 1
000000697 1
000000698 1
000000699 1
000000700 1
000000701 1
000000702 1
000000703 1
000000704 1
000000705 1
000000706 1
000000707 1
000000708 1
000000709 1
000000710 1
000000711 1
000000712 1
000000713 1
000000714 1
000000715 1
000000716 1
000000717 1
000000718 1
000000719 1
000000720 1
000000721 1
000000722 1
000000723 1
000000724 1
000000725 1
000000726 1
000000727 1
000000728 1
000000729 1
000000730 1
000000731 1
000000732 1
000000733 1
000000734 1
000000735 1
000000736 1
000000737 1
000000738 1
000000739 1
000000740 1
000000741 1
000000742 1
000000743 1
000000744 1
000000745 1
000000746 1
000000747 1
000000748 1
000000749 1
000000750 1
000000751 1
000000752 1
000000753 1
000000754 1
000000755 1
000000756 1
000000757 1
000000758 1
000000759 1
000000760 1
000000761 1
000000762 1
000000763 1
000000764 1
000000765 1
000000766 1
000000767 1
000000768 1
000000769 1
000000770 1
000000771 1
000000772 1
000000773 1
000000774 1
000000775 1
000000776 1
000000777 1
000000778 1
000000779 1
000000780 1
000000781 1
000000782 1
000000783 1
000000784 1
000000785 1
000000786 1
000000787 1
000000788 1
000000789 1
000000790 1
000000791 1
000000792 1
000000793 1
000000794 1
000000795 1
000000796 1
000000797 1
000000798 1
000000799 1
000000800 1
000000801 0
000000802 0
000000803 0
000000804 0
000000805 0
000000806 0
000000807 0
000000808 0
000000809 0
000000810 0
000000811 0
000000812 0
000000813 0
000000814 0
000000815 0
000000816 0
000000817 0
000000818 0
000000819 0
000000820 0
000000821 0
000000822 0
000000823 0
000000824 0
000000825 0
000000826 0
000000827 0
000000828 0
000000829 0
000000830 0
000000831 0
000000832 0
000000833 0
000000834 0
000000835 0
000000836 0
000000837 0
000000838 0
000000839 0
000000840 0
000000841 0
000000842 0
000000843 0
000000844 0
000000845 0
000000846 0
000000847 0
000000848 0
000000849 0
000000850 0
000000851 0
000000852 0
000000853 0
000000854 0
000000855 0
000000856 0
000000857 0
000000858 0
000000859 0
000000860 0
000000861 0
000000862 0
000000863 0
000000864 0
000000865 0
000000866 0
000000867 0
000000868 0
000000869 0
000000870 0
000000871 0
000000872 0
000000873 0
000000874 0
000000875 0
000000876 0
000000877 0
000000878 0
000000879 0
000000880 0
000000881 0
000000882 0
000000883 0
000000884 0
000000885 0
000000886 0
000000887 0
000000888 0
000000889 0
000000890 0
000000891 0
000000892 0
000000893 0
000000894 0
000000895 0
000000896 0
000000897 0
000000898 0
000000899 0
000000900 0
000000901 0
000000902 0
000000903 0
000000904 0
000000905 0
000000906 0
000000907 0
000000908 0
000000909 0
000000910 0
000000911 0
000000912 0
000000913 0
000000914 0
000000915 0
000000916 0
000000917 0
000000918 0
000000919 0
000000920 0
000000921 0
000000922 0
000000923 0
000000924 0
000000925 0
000000926 0
000000927 0
000000928 0
000000929 0
000000930 0
000000931 0
000000932 0
000000933 0
000000934 0
000000935 0
000000936 0
000000937 0
000000938 0
000000939 0
000000940 0
000000941 0
000000942 0
000000943 0
000000944 0
000000945 0
000000946 0
000000947 0
000000948 0
000000949 0
000000950 0
000000951 0
000000952 0
000000953 0
000000954 0
000000955 0
000000956 0
000000957 0
000000958 0
000000959 0
000000960 0
000000961 0
000000962 0
000000963 0
000000964 0
000000965 0
000000966 0
000000967 0
000000968 0
000000969 0
000000970 0
000000971 0
000000972 0
000000973 0
000000974 0
000000975 0
000000976 0
000000977 0
000000978 0
000000979 0
000000980 0
000000981 0
000000982 0
000000983 0
000000984 0
000000985 0
000000986 0
000000987 0
000000988 0
000000989 0
000000990 0
000000991 0
000000992 0
000000993 0
000000994 0
000000995 0
000000996 0
000000997 0
000000998 0
000000999 0
0000001000 0
0000001001 0
0000001002 0
0000001003 0
0000001004 0
0000001005 0
0000001006 0
0000001007 0
0000001008 0
0000001009 0
0000001010 0
0000001011 0
0000001012 0
0000001013 0
0000001014 0
0000001015 0
0000001016 0
0000001017 0
0000001018 0
0000001019 0
0000001020 0
0000001021 0
0000001022 0
0000001023 0
0000001024 0
0000001025 0
0000001026 0
0000001027 0
0000001028 0
0000001029 0
0000001030 0
0000001031 0
0000001032 0
0000001033 0
0000001034 0
0000001035 0
0000001036 0
0000001037 0
0000001038 0
0000001039 0
0000001040 0
0000001041 0
0000001042 0
0000001043 0
0000001044 0
0000001045 0
0000001046 0
0000001047 0
0000001048 0
0000001049 0
0000001050 0
0000001051 0
0000001052 0
0000001053 0
0000001054 0
0000001055 0
0000001056 0
0000001057 0
0000001058 0
0000001059 0
0000001060 0
0000001061 0
0000001062 0
0000001063 0
0000001064 0
0000001065 0
0000001066 0
0000001067 0
0000001068 0
0000001069 0
0000001070 0
0000001071 0
0000001072 0
0000001073 0
0000001074 0
0000001075 0
0000001076 0
0000001077 0
0000001078 0
0000001079 0
0000001080 0
0000001081 0
0000001082 0
0000001083 0
0000001084 0
0000001085 0
0000001086 0
0000001087 0
0000001088 0
0000001089 0
0000001090 0
0000001091 0
0000001092 0
0000001093 0
0000001094 0
0000001095 0
0000001096 0
0000001097 0
0000001098 0
0000001099 0
0000001100 0
0000001101 0
0000001102 0
0000001103 0
0000001104 0
0000001105 0
0000001106 0
0000001107 0
0000001108 0
0000001109 0
0000001110 0
0000001111 0
0000001112 0
0000001113 0
0000001114 0
0000001115 0
0000001116 0
0000001117 0
0000001118 0
0000001119 0
0000001120 0
0000001121 0
0000001122 0
0000001123 0
0000001124 0
0000001125 0
0000001126 0
0000001127 0
0000001128 0
0000001129 0
0000001130 0
0000001131 0
0000001132 0
0000001133 0
0000001134 0
0000001135 0
0000001136 0
0000001137 0
0000001138 0
0000001139 0
0000001140 0
0000001141 0
0000001142 0
0000001143 0
0000001144 0
0000001145 0
0000001146 0
0000001147 0
0000001148 0
0000001149 0
0000001150 0
0000001151 0
0000001152 0
0000001153 0
0000001154 0
0000001155 0
0000001156 0
0000001157 0
0000001158 0
0000001159 0
0000001160 0
0000001161 0
0000001162 0
0000001163 0
0000001164 0
0000001165 0
0000001166 0
0000001167 0
0000001168 0
0000001169 0
0000001170 0
0000001171 0
0000001172 0
0000001173 0
0000001174 0
0000001175 0
0000001176 0
0000001177 0
0000001178 0
0000001179 0
0000001180 0
0000001181 0
0000001182 0
0000001183 0
0000001184 0
0000001185 0
0000001186 0
0000001187 0
0000001188 0
0000001189 0
0000001190 0
0000001191 0
0000001192 0
0000001193 0
0000001194 0
0000001195 0
0000001196 0
0000001197 0
0000001198 0
0000001199 0
0000001200 0
0000001201 0
0000001202 0
0000001203 0
0000001204 0
0000001205 0
0000001206 0
0000001207 0
0000001208 0
0000001209 0
0000001210 0
0000001211 0
0000001212 0
0000001213 0
0000001214 0
0000001215 0
0000001216 0
0000001217 0
0000001218 0
0000001219 0
0000001220 0
0000001221 0
0000001222 0
0000001223 0
0000001224 0
0000001225 0
0000001226 0
0000001227 0
0000001228 0
0000001229 0
0000001230 0
0000001231 0
0000001232 0
0000001233 0
0000001234 0
0000001235 0
0000001236 0
0000001237 0
0000001238 0
0000001239 0
0000001240 0
0000001241 0
0000001242 0
0000001243 0
0000001244 0
0000001245 0
0000001246 0
0000001247 0
0000001248 0
0000001249 0
0000001250 0
0000001251 0
0000001252 0
0000001253 0
0000001254 0
0000001255 0
0000001256 0
0000001257 0
0000001258 0
0000001259 0
0000001260 0
0000001261 0
0000001262 0
0000001263 0
0000001264 0
0000001265 0
0000001266 0
0000001267 0
0000001268 0
0000001269 0
0000001270 0
0000001271 0
0000001272 0
0000001273 0
0000001274 0
0000001275 0
0000001276 0
0000001277 0
0000001278 0
0000001279 0
0000001280 0
0000001281 0
0000001282 0
0000001283 0
0000001284 0
0000001285 0
0000001286 0
0000001287 0
0000001288 0
0000001289 0
0000001290 0
0000001291 0
0000001292 0
0000001293 0
0000001294 0
0000001295 0
0000001296 0
0000001297 0
0000001298 0
0000001299 0
0000001300 0
0000001301 0
0000001302 0
0000001303 0
0000001304 0
0000001305 0
0000001306 0
0000001307 0
0000001308 0
0000001309 0
0000001310 0
0000001311 0
0000001312 0
0000001313 0
0000001314 0
0000001315 0
0000001316 0
0000001317 0
0000001318 0
0000001319 0
0000001320 0
0000001321 0
0000001322 0
0000001323 0
0000001324 0
0000001325 0
0000001326 0
0000001327 0
0000001328 0
0000001329 0
0000001330 0
0000001331 0
0000001332 0
0000001333 0
0000001334 0
0000001335 0
0000001336 0
0000001337 0
0000001338 0
0000001339 0
0000001340 0
0000001341 0
0000001342 0
0000001343 0
0000001344 0
0000001345 0
0000001346 0
0000001347 0
0000001348 0
0000001349 0
0000001350 0
0000001351 0
0000001352 0
0000001353 0
0000001354 0
0000001355 0
0000001356 0
0000001357 0
0000001358 0
0000001359 0
0000001360 0
0000001361 0
0000001362 0
0000001363 0
0000001364 0
0000001365 0
0000001366 0
0000001367 0
0000001368 0
0000001369 0
0000001370 0
0000001371 0
0000001372 0
0000001373 0
0000001374 0
0000001375 0
0000001376 0
0000001377 0
0000001378 0
0000001379 0
0000001380 0
0000001381 0
0000001382 0
0000001383 0
0000001384 0
0000001385 0
0000001386 0
0000001387 0
0000001388 0
0000001389 0
0000001390 0
0000001391 0
0000001392 0
0000001393 0
0000001394 0
0000001395 0
0000001396 0
0000001397 0
0000001398 0
0000001399 0
0000001400 0
0000001401 0
0000001402 0
0000001403 0
0000001404 0
0000001405 0
0000001406 0
0000001407 0
0000001408 0
0000001409 0
0000001410 0
0000001411 0
0000001412 0
0000001413 0
0000001414 0
0000001415 0
0000001416 0
0000001417 0
0000001418 0
0000001419 0
0000001420 0
0000001421 0
0000001422 0
0000001423 0
0000001424 0
0000001425 0
0000001426 0
0000001427 0
0000001428 0
0000001429 0
0000001430 0
0000001431 0
0000001432 0
0000001433 0
0000001434 0
0000001435 0
0000001436 0
0000001437 0
0000001438 0
0000001439 0
0000001440 0
0000001441 0
0000001442 0
0000001443 0
0000001444 0
0000001445 0
0000001446 0
0000001447 0
0000001448 0
0000001449 0
0000001450 0
0000001451 0
0000001452 0
0000001453 0
0000001454 0
0000001455 0
0000001456 0
0000001457 0
0000001458 0
0000001459 0
0000001460 0
0000001461 0
0000001462 0
0000001463 0
0000001464 0
0000001465 0
0000001466 0
0000001467 0
0000001468 0
0000001469 0
0000001470 0
0000001471 0
0000001472 0
0000001473 0
0000001474 0
0000001475 0
0000001476 0
0000001477 0
0000001478 0
0000001479 0
0000001480 0
0000001481 0
0000001482 0
0000001483 0
0000001484 0
0000001485 0
0000001486 0
0000001487 0
0000001488 0
0000001489 0
0000001490 0
0000001491 0
0000001492 0
0000001493 0
0000001494 0
0000001495 0
0000001496 0
0000001497 0
0000001498 0
0000001499 0
0000001500 0
0000001501 0
0000001502 0
0000001503 0
0000001504 0
0000001505 0
0000001506 0
0000001507 0
0000001508 0
0000001509 0
0000001510 0
0000001511 0
0000001512 0
0000001513 0
0000001514 0
0000001515 0
0000001516 0
0000001517 0
0000001518 0
0000001519 0
0000001520 0
0000001521 0
0000001522 0
0000001523 0
0000001524 0
0000001525 0
0000001526 0
0000001527 0
0000001528 0
0000001529 0
0000001530 0
0000001531 0
0000001532 0
0000001533 0
0000001534 0
0000001535 0
0000001536 0
0000001537 0
0000001538 0
0000001539 0
0000001540 0
0000001541 0
0000001542 0
0000001543 0
0000001544 0
0000001545 0
0000001546 0
0000001547 0
0000001548 0
0000001549 0
0000001550 0
0000001551 0
0000001552 0
0000001553 0
0000001554 0
0000001555 0
0000001556 0
0000001557 0
0000001558 0
0000001559 0
0000001560 0
0000001561 0
0000001562 0
0000001563 0
0000001564 0
0000001565 0
0000001566 0
0000001567 0
0000001568 0
0000001569 0
0000001570 0
0000001571 0
0000001572 0
0000001573 0
0000001574 0
0000001575 0
0000001576 0
0000001577 0
0000001578 0
0000001579 0
0000001580 0
0000001581 0
0000001582 0
0000001583 0
0000001584 0
0000001585 0
0000001586 0
0000001587 0
0000001588 0
0000001589 0
0000001590 0
0000001591 0
0000001592 0
0000001593 0
0000001594 0
0000001595 0
0000001596 0
0000001597 0
0000001598 0
0000001599 0
0000001600 0